1000
197
191
793
380
751
617
39
558
519
59
834
139
383
119
430
413
547
186
681
794
596
303
964
450
677
395
641
816
984
697
493
181
888
286
561
639
904
601
198
423
660
33
562
44
153
993
457
700
179
139
494
775
442
458
226
119
854
868
935
838
565
429
20
453
715
582
93
619
183
292
43
843
325
606
887
479
599
345
179
778
484
674
554
927
133
780
46
987
648
982
826
213
411
846
667
127
428
761
747
612
53
790
456
379
397
344
858
996
690
38
775
175
712
329
102
845
110
149
833
759
131
659
973
543
506
640
670
935
401
418
547
454
208
3
834
605
347
692
602
37
731
377
212
443
707
314
289
817
463
122
577
595
782
550
139
288
190
809
223
592
228
771
46
437
774
881
43
122
573
645
159
304
23
372
748
730
687
37
548
151
160
125
747
943
675
886
231
866
696
455
458
924
227
505
361
1
386
404
123
959
49
283
264
72
656
13
803
344
51
351
495
212
477
242
155
152
129
387
18
825
842
476
749
69
981
110
71
368
514
195
327
564
479
592
637
135
606
440
480
657
792
975
869
270
218
24
422
347
411
441
172
254
918
921
324
900
32
395
268
546
591
596
111
70
189
748
206
795
189
686
453
982
662
322
252
880
347
675
228
759
117
401
14
35
322
338
936
355
734
204
902
325
801
13
396
990
761
603
786
951
290
239
933
952
562
185
833
909
861
62
669
978
463
683
14
786
21
950
141
756
154
43
81
956
56
478
946
818
81
732
769
372
972
703
324
534
889
158
444
750
220
113
729
683
796
743
470
818
693
611
574
848
655
656
804
711
134
750
530
216
483
300
588
455
4
913
990
893
71
434
644
292
547
373
976
344
116
446
163
810
57
737
658
712
394
462
424
529
213
955
745
697
255
334
153
259
248
143
153
319
577
797
612
125
170
588
470
287
34
633
97
91
371
756
804
765
219
229
294
432
184
40
130
439
374
283
699
622
427
852
942
4
649
555
130
820
143
600
108
177
234
206
269
605
962
74
370
181
303
664
614
487
704
744
927
79
28
626
702
455
478
645
459
128
200
590
949
343
191
57
521
425
264
790
31
226
865
401
408
168
66
22
655
771
766
582
850
795
209
553
250
688
198
710
816
399
300
766
742
492
824
264
918
88
55
949
315
920
351
723
88
417
745
744
189
512
327
40
307
536
593
557
224
792
268
41
191
568
808
934
60
632
198
979
720
253
928
36
173
279
759
262
697
505
6
886
17
333
926
325
870
519
883
95
311
151
136
502
720
945
436
781
577
635
760
298
888
688
334
62
968
94
324
665
599
331
551
617
664
477
943
535
997
826
630
308
978
767
811
699
712
248
481
290
883
241
588
772
930
923
834
898
17
159
564
616
490
115
234
155
593
177
690
590
4
321
898
982
88
710
682
801
959
163
91
842
405
680
615
335
604
450
234
621
609
798
238
99
914
472
254
507
650
945
97
654
266
996
637
355
706
319
156
666
483
248
508
888
928
124
224
532
574
458
154
183
257
393
283
171
866
538
679
516
483
776
171
750
773
808
105
480
128
262
146
612
510
655
500
439
779
724
972
353
183
126
537
441
520
820
612
386
359
292
903
843
68
74
593
842
883
699
322
11
962
468
623
473
123
124
912
903
849
884
257
33
11
794
474
531
615
87
918
975
379
821
818
448
895
412
290
778
112
612
790
74
81
414
547
205
539
460
108
388
344
365
421
356
160
896
888
776
983
806
751
362
628
569
811
524
981
101
303
94
714
93
168
795
508
716
1
47
176
109
436
521
475
858
877
636
754
766
412
738
573
164
100
201
733
912
725
715
13
28
809
728
122
978
523
631
694
525
679
870
634
116
391
110
974
269
746
729
35
159
467
608
323
568
809
56
480
535
772
494
564
582
222
686
560
746
318
254
271
997
125
906
113
516
16
88
785
763
817
821
922
285
430
245
854
240
302
335
775
75
830
339
657
52
26
218
799
344
473
71
341
598
977
455
115
994
543
901
757
360
722
680
646
152
926
501
392
228
836
168
303
666
507
961
719
534
179
518
879
652
589
221
251
567
676
366
561
219
267
319
580
989
0
226
142
926
727
535
154
564
703
458
230
211
419
949
745
599
468
624
252
57
845
503
625
521
869
186
741
136
506
321
126
506
548
269
432
276
804
587
840
507
46
71
718
466
21
463
65
489
88
317
547
934
821
172
456
690
359
197
827
865
519
954
372
67
223
805
344
27
392
185
534
438
256
252
904
278
716
970
768
804
288
316
739
109
