1000
57
230
609
626
88
66
7
26
879
979
643
385
412
336
515
585
381
969
632
907
365
994
703
650
801
597
314
736
52
617
848
109
847
457
736
936
524
743
962
403
723
605
789
135
941
304
720
323
274
353
231
639
347
934
289
149
531
603
886
584
221
734
694
69
192
430
5
717
174
968
120
897
573
910
33
515
214
754
839
488
107
70
127
455
5
417
604
537
20
490
122
242
225
816
311
417
247
317
134
421
285
255
319
859
165
353
374
380
107
214
868
215
285
996
671
290
413
275
828
434
766
950
677
991
767
988
409
14
305
543
435
590
799
755
449
964
108
824
345
216
38
213
431
324
210
102
614
624
378
443
58
144
393
735
136
160
724
545
175
30
89
610
621
888
366
71
853
474
895
198
690
934
412
122
258
622
225
873
246
604
316
305
749
710
41
885
871
765
431
46
796
520
657
417
408
23
488
261
497
384
460
188
319
872
311
578
494
537
452
741
142
769
46
891
479
87
777
350
853
208
397
649
728
54
67
137
77
556
399
575
940
859
764
260
731
75
839
226
613
291
967
755
60
13
647
540
101
424
891
954
632
288
604
360
342
671
498
419
227
897
995
168
756
759
429
488
835
268
714
448
560
682
204
621
696
851
161
797
275
53
751
908
341
356
269
684
27
767
104
255
664
99
423
421
858
853
909
694
121
624
143
681
306
347
302
2
199
464
800
475
517
552
383
859
908
653
543
935
420
647
191
84
746
614
506
605
467
415
299
589
39
442
271
346
790
574
349
990
38
149
465
556
701
849
416
609
502
959
545
922
606
736
7
353
351
513
959
819
929
258
409
969
701
680
315
492
254
664
482
293
814
948
850
515
797
266
125
299
225
671
222
832
408
230
186
759
744
145
579
673
404
988
642
106
668
958
598
923
623
81
217
437
29
67
953
827
333
79
126
559
750
349
392
159
580
578
919
324
724
498
998
129
487
641
235
156
599
834
79
222
915
297
660
945
364
614
772
698
693
899
258
444
249
650
603
829
229
522
154
954
21
152
83
508
793
319
664
393
154
744
615
70
41
276
15
405
890
788
104
584
687
362
28
936
13
632
766
243
154
920
198
175
72
281
684
866
601
348
259
755
92
875
825
134
151
841
539
42
629
644
626
316
7
654
253
20
287
20
264
441
940
462
617
13
744
302
879
345
650
139
101
743
14
926
877
166
767
417
208
396
62
834
713
69
489
967
90
776
987
354
218
928
817
836
941
561
138
821
907
789
961
8
533
975
934
410
142
702
828
350
99
890
185
812
959
675
780
49
452
768
404
670
696
221
507
638
783
646
460
690
436
421
698
969
397
633
380
539
335
208
890
435
99
75
247
58
751
28
108
203
796
513
874
492
734
381
131
517
28
591
208
464
13
906
433
410
540
813
950
875
22
840
311
121
916
558
180
668
587
288
871
383
801
745
876
536
127
7
54
155
598
262
619
612
169
53
22
709
866
973
585
889
814
896
10
731
455
190
399
42
479
270
426
281
15
302
817
143
310
872
298
909
135
918
521
304
971
543
13
838
517
599
727
331
495
738
62
951
928
461
993
408
731
420
689
747
722
507
890
32
379
189
941
514
107
463
819
79
6
832
917
523
432
645
855
927
383
917
879
312
378
873
721
110
293
410
858
16
917
749
49
297
938
991
812
45
454
631
125
461
464
42
985
896
688
840
824
72
758
703
385
137
576
106
247
870
517
106
886
435
855
935
733
793
927
545
839
381
176
964
842
640
7
828
537
696
668
361
768
426
64
154
563
641
260
811
511
778
917
397
214
773
333
947
566
260
492
406
641
669
371
484
309
378
312
847
74
981
208
843
408
272
997
972
914
258
783
425
37
701
822
251
475
156
198
41
416
690
448
58
360
819
543
670
197
856
517
272
837
725
116
245
998
113
217
912
372
1
337
409
703
160
660
178
316
859
220
733
549
668
792
910
487
335
580
685
191
97
958
29
822
74
274
820
188
492
733
560
494
70
970
198
231
631
377
547
490
597
281
40
266
73
950
754
408
530
439
600
627
398
629
450
472
904
270
660
397
3
221
891
74
191
90
305
822
467
853
313
64
135
353
330
208
303
84
617
834
524
217
461
923
847
911
395
751
182
56
148
186
277
40
261
469
130
567
292
597
420
605
662
556
959
993
764
262
78
382
96
602
600
558
525
447
470
921
199
652
978
347
839
255
388
100
725
519
667
18
116
88
624
779
644
583
772
409
846
850
791
943
453
391
501
979
839
971
900
38
624
878
386
