1000
163
10
133
527
976
82
56
708
376
392
663
694
686
280
91
582
771
815
788
619
850
639
665
193
634
634
815
855
4
822
212
167
832
345
694
809
427
750
517
804
143
181
498
829
462
590
412
233
405
200
853
256
840
519
449
474
153
264
330
157
87
542
325
920
888
19
729
316
770
247
121
913
429
619
742
891
210
155
125
616
356
979
872
196
498
322
671
652
587
1
809
675
543
135
595
432
154
325
748
925
573
869
838
3
489
581
895
700
736
20
316
92
999
189
289
498
511
960
150
99
961
960
774
505
95
369
938
250
695
686
175
269
556
13
272
46
594
167
747
331
188
64
424
188
253
713
686
765
673
837
864
635
797
638
141
892
8
79
142
704
766
317
973
322
331
245
369
925
413
116
257
601
180
681
789
434
395
476
199
68
313
64
704
110
702
845
3
711
924
146
415
690
463
388
13
795
634
383
721
47
499
978
649
680
660
439
114
55
915
314
123
228
379
828
339
81
673
343
793
598
489
208
289
953
597
303
748
231
686
469
279
186
448
928
867
108
367
982
163
283
297
287
512
676
115
851
758
789
195
551
388
684
759
677
637
357
981
385
589
667
855
868
854
303
797
721
411
165
704
575
448
1
862
960
677
978
812
435
767
7
986
156
692
746
833
329
104
815
715
693
482
570
562
337
874
360
59
286
525
763
861
974
765
724
935
443
702
748
878
470
756
865
626
448
612
460
777
716
275
492
410
758
63
972
96
938
333
155
224
858
919
86
833
685
810
768
128
513
516
6
984
272
872
610
720
485
71
498
201
347
991
612
105
55
585
202
993
918
358
218
777
277
304
610
963
115
378
91
628
895
98
612
167
971
223
888
456
294
387
657
641
379
270
747
434
855
949
427
774
307
645
551
585
950
161
548
65
540
640
693
435
738
306
603
709
529
491
165
824
879
823
466
258
94
213
692
949
163
120
723
470
766
274
56
716
436
605
781
976
245
475
411
984
782
14
694
311
506
860
136
385
684
602
644
778
815
336
728
979
457
452
450
223
726
506
940
163
112
722
139
358
197
551
342
979
565
37
291
72
898
427
458
582
29
102
361
845
439
89
825
897
541
275
120
268
782
60
431
894
783
571
252
980
122
594
960
688
632
252
760
530
679
218
113
709
321
474
555
761
563
380
658
105
655
778
374
437
839
806
332
622
377
584
603
499
179
564
188
811
816
948
342
495
167
455
205
489
929
761
250
493
141
908
599
797
687
973
235
527
779
567
149
156
152
753
656
331
317
844
143
133
793
485
629
960
940
834
449
870
596
700
363
737
608
962
535
295
935
771
822
715
339
972
871
491
726
528
823
43
372
966
177
166
452
806
126
392
641
576
263
237
276
626
975
885
589
511
180
525
283
3
240
622
976
111
114
702
639
937
746
12
904
923
178
357
730
305
750
372
882
13
610
159
639
586
44
228
98
225
754
381
229
994
3
205
105
118
907
745
56
653
757
961
577
936
318
307
241
68
680
123
81
290
283
721
877
327
950
975
553
704
356
782
698
360
987
803
478
895
549
535
548
307
496
126
243
814
434
485
882
114
609
963
405
892
684
282
220
634
257
773
338
613
555
36
973
543
840
452
438
390
987
987
697
483
113
940
298
547
426
180
661
35
144
66
927
828
349
148
463
606
921
802
219
477
839
193
20
680
646
459
70
634
446
767
117
559
708
415
107
134
596
769
169
740
835
97
569
184
245
33
791
167
835
11
644
674
205
665
355
851
124
425
485
570
192
603
130
901
19
238
35
616
7
204
356
843
302
926
28
547
959
819
714
794
830
359
469
35
24
824
887
148
250
373
719
443
976
850
344
996
88
379
612
95
584
969
938
886
895
966
434
854
786
149
649
616
508
118
652
532
943
540
681
193
913
401
636
890
251
980
886
339
360
499
435
945
469
374
832
364
341
266
218
127
416
868
744
924
986
396
457
929
937
139
123
850
540
760
740
791
741
627
131
101
126
567
46
595
941
878
960
282
145
179
410
561
47
154
486
33
551
943
963
488
82
87
338
623
847
78
414
589
706
546
690
832
114
737
428
55
616
389
338
762
568
748
324
615
902
810
649
454
753
613
942
836
701
281
459
548
360
874
137
66
421
828
899
535
566
327
591
183
717
929
945
285
678
269
901
580
80
550
35
834
164
977
670
865
258
130
414
618
5
552
684
426
381
583
962
947
911
554
131
628
483
76
914
162
346
815
743
426
366
778
260
530
755
931
396
14
62
810
633
67
363
318
494
744
902
